1 0 4040
2 4040 2268
3 6308 3120
4 9428 730
5 10158 4717
6 14875 7009
7 21884 1933
8 23817 2877
9 26694 6717
10 33411 5804
11 39215 8537
12 47752 5478
13 53230 1018
14 54248 1442
15 55690 2057
16 57747 3760
17 61507 1272
18 62779 4914
19 67693 2877
20 70570 3529
21 74099 5636
22 79735 4671
23 84406 5118
24 89524 2731
25 92255 9192
26 101447 10648
27 112095 5572
28 117667 2047
29 119714 7413
30 127127 2052
31 129179 3546
32 132725 3792
33 136517 3050
34 139567 8605
35 148172 1332
36 149504 1908
37 151412 3112
38 154524 5205
39 159729 2387
40 162116 1225
41 163341 1245
42 164586 5313
43 169899 2807
44 172706 4243
45 176949 1162
46 178111 2048
47 180159 2170
48 182329 1363
49 183692 2918
50 186610 1610
51 188220 5424
52 193644 792
53 194436 587
54 195023 916
55 195939 756
56 196695 588
57 197283 809
58 198092 1555
59 199647 4232
60 203879 2492
61 206371 1693
62 208064 4169
63 212233 6327
64 218560 3294
65 221854 5785
66 227639 3181
67 230820 4526
68 235346 3983
69 239329 3139
70 242468 2187
71 244655 2028
72 246683 3312
73 249995 3905
74 253900 384
75 254284 2232
76 256516 3869
77 260385 3648
78 264033 11793
79 275826 10332
80 286158 2077
81 288235 3850
82 292085 3474
83 295559 4244
84 299803 1630
85 301433 1484
86 302917 2379
87 305296 1976
88 307272 3418
89 310690 2787
90 313477 2414
91 315891 2173
92 318064 1699
93 319763 2834
94 322597 2145
95 324742 3938
96 328680 1276
97 329956 1316
98 331272 2243
99 333515 1634
100 335149 4291
101 339440 6376
102 345816 2560
103 348376 2925
104 351301 1847
105 353148 5947
106 359095 2826
107 361921 1651
108 363572 1521
109 365093 1357
110 366450 9858
111 376308 1880
112 378188 2976
113 381164 1594
114 382758 1487
115 384245 5974
116 390219 3441
117 393660 1406
118 395066 2901
119 397967 1615
120 399582 1171
121 400753 3422
122 404175 1604
123 405779 1117
124 406896 5728
125 412624 11723
126 424347 2805
127 427152 1647
128 428799 2257
129 431056 2136
130 433192 7386
131 440578 2627
132 443205 1589
133 444794 3286
134 448080 2706
135 450786 2905
136 453691 1146
137 454837 1567
138 456404 5665
139 462069 1756
140 463825 3726
141 467551 2723
142 470274 6432
143 476706 7978
144 484684 1841
145 486525 3140
146 489665 511
147 490176 2221
148 492397 3036
149 495433 1242
150 496675 1287
151 497962 1890
152 499852 2989
153 502841 7133
154 509974 2857
155 512831 1740
156 514571 1790
157 516361 2185
158 518546 1084
159 519630 10325
160 529955 6601
161 536556 6558
162 543114 6188
163 549302 7595
164 556897 2095
165 558992 19580
166 578572 8139
167 586711 2170
168 588881 1588
169 590469 3701
170 594170 2246
171 596416 2888
172 599304 4452
173 603756 1434
174 605190 1083
175 606273 6593
176 612866 2675
177 615541 1867
178 617408 3368
179 620776 1910
180 622686 14819
181 637505 653
182 638158 2877
183 641035 3175
184 644210 2484
185 646694 2934
186 649628 19238
187 668866 674
188 669540 684
189 670224 744
190 670968 722
191 671690 746
192 672436 782
193 673218 780
194 673998 1504
195 675502 3289
196 678791 1228
197 680019 1804
198 681823 6817
199 688640 1194
200 689834 4265
201 694099 1851
202 695950 2190
203 698140 237
204 698377 5051
205 703428 4660
206 708088 2627
207 710715 387
208 711102 1553
209 712655 1526
210 714181 2232
211 716413 1519
212 717932 1107
213 719039 2710
214 721749 1167
215 722916 384
216 723300 4951
217 728251 1455
218 729706 919
219 730625 3978
220 734603 1366
221 735969 3188
222 739157 2649
223 741806 591
224 742397 1315
225 743712 1264
226 744976 2524
227 747500 1223
228 748723 8311
229 757034 616
230 757650 1361
231 759011 7829
232 766840 3992
233 770832 3822
234 774654 3581
235 778235 7228
236 785463 5043
237 790506 1746
238 792252 1694
239 793946 2237
240 796183 1368
241 797551 532
242 798083 1381
243 799464 2323
244 801787 5108
245 806895 1680
246 808575 12858
247 821433 2195
248 823628 842
249 824470 973
250 825443 1114
251 826557 2024
252 828581 828
253 829409 12768
254 842177 1808
255 843985 3007
256 846992 3839
257 850831 1163
258 851994 2252
259 854246 1254
260 855500 4805
261 860305 447
262 860752 7816
263 868568 1184
264 869752 1807
265 871559 2795
266 874354 1597
267 875951 1329
268 877280 7037
269 884317 3660
270 887977 1078
271 889055 3662
272 892717 1738
273 894455 3109
274 897564 1405
275 898969 573
276 899542 847
277 900389 4957
278 905346 1312
279 906658 6651
280 913309 2791
281 916100 498
282 916598 4558
283 921156 575
284 921731 1512
285 923243 2151
286 925394 2821
287 928215 3201
288 931416 1401
289 932817 1559
290 934376 1161
291 935537 1476
292 937013 2375
293 939388 616
294 940004 4017
295 944021 3961
296 947982 2416
297 950398 3860
298 954258 20338
299 974596 8835
300 983431 4669
301 988100 4600
302 992700 4311
303 997011 1631
304 998642 4625
305 1003267 1447
306 1004714 1265
307 1005979 1570
308 1007549 7835
309 1015384 2291
310 1017675 18758
311 1036433 9401
312 1045834 6039
313 1051873 4143
314 1056016 4199
315 1060215 2091
316 1062306 17245
317 1079551 4814
318 1084365 1191
319 1085556 2145
320 1087701 1391
321 1089092 8853
322 1097945 5528
323 1103473 7005
324 1110478 3371
325 1113849 9065
326 1122914 7831
327 1130745 8786
328 1139531 5247
329 1144778 7277
330 1152055 15523
331 1167578 8022
332 1175600 5429
333 1181029 1461
334 1182490 1662
335 1184152 2251
336 1186403 1438
337 1187841 1025
338 1188866 6478
339 1195344 2171
340 1197515 9017
341 1206532 4940
342 1211472 1915
343 1213387 5571
344 1218958 5624
345 1224582 9534
346 1234116 5014
347 1239130 9994
348 1249124 4094
349 1253218 1165
350 1254383 1517
351 1255900 1397
352 1257297 9710
353 1267007 774
354 1267781 984
355 1268765 2256
356 1271021 12896
357 1283917 8432
358 1292349 4385
359 1296734 5148
360 1301882 5401
361 1307283 9526
362 1316809 2316
363 1319125 5685
364 1324810 3052
365 1327862 3323
366 1331185 2354
367 1333539 8859
368 1342398 3990
369 1346388 15556
370 1361944 3416
371 1365360 3996
372 1369356 4627
373 1373983 12269
374 1386252 1014
375 1387266 9811
376 1397077 7802
377 1404879 878
378 1405757 7062
379 1412819 17697
380 1430516 7689
381 1438205 880
382 1439085 14783
383 1453868 4829
384 1458697 865
385 1459562 10544
386 1470106 229
387 1470335 636
388 1470971 670
389 1471641 643
390 1472284 688
391 1472972 670
392 1473642 646
393 1474288 616
394 1474904 639
395 1475543 702
396 1476245 673
397 1476918 683
398 1477601 653
399 1478254 648
400 1478902 651
401 1479553 651
402 1480204 651
403 1480855 648
404 1481503 642
405 1482145 653
406 1482798 657
407 1483455 669
408 1484124 652
409 1484776 639
410 1485415 645
411 1486060 698
412 1486758 641
413 1487399 384
414 1487783 686
415 1488469 671
416 1489140 587
417 1489727 654
418 1490381 697
419 1491078 650
420 1491728 682
421 1492410 667
422 1493077 655
423 1493732 675
424 1494407 668
425 1495075 678
426 1495753 672
427 1496425 651
428 1497076 649
429 1497725 691
430 1498416 648
431 1499064 644
432 1499708 569
433 1500277 639
434 1500916 654
435 1501570 639
436 1502209 640
437 1502849 639
438 1503488 645
439 1504133 673
440 1504806 682
441 1505488 649
442 1506137 639
443 1506776 308
444 1507084 325
445 1507409 652
446 1508061 302
447 1508363 324
448 1508687 680
449 1509367 647
450 1510014 674
451 1510688 696
452 1511384 648
453 1512032 654
454 1512686 649
455 1513335 653
456 1513988 673
457 1514661 672
458 1515333 651
459 1515984 673
460 1516657 669
461 1517326 647
462 1517973 644
463 1518617 660
464 1519277 693
465 1519970 673
466 1520643 683
467 1521326 660
468 1521986 687
469 1522673 675
470 1523348 673
471 1524021 675
472 1524696 669
473 1525365 649
474 1526014 646
475 1526660 635
476 1527295 639
477 1527934 642
478 1528576 650
479 1529226 658
480 1529884 650
481 1530534 673
482 1531207 615
483 1531822 671
484 1532493 656
485 1533149 638
486 1533787 652
487 1534439 673
488 1535112 650
489 1535762 652
490 1536414 649
491 1537063 649
492 1537712 680
493 1538392 658
494 1539050 673
495 1539723 681
496 1540404 639
497 1541043 632
498 1541675 643
499 1542318 650
500 1542968 658
501 1543626 651
502 1544277 654
503 1544931 615
504 1545546 673
505 1546219 642
506 1546861 653
507 1547514 639
508 1548153 673
509 1548826 646
510 1549472 656
511 1550128 673
512 1550801 633
513 1551434 643
514 1552077 651
515 1552728 660
516 1553388 652
517 1554040 649
518 1554689 617
519 1555306 671
520 1555977 655
521 1556632 637
522 1557269 673
523 1557942 647
524 1558589 656
525 1559245 721
526 1559966 658
527 1560624 672
528 1561296 634
529 1561930 614
530 1562544 636
531 1563180 644
532 1563824 651
533 1564475 658
534 1565133 651
535 1565784 647
536 1566431 654
537 1567085 639
538 1567724 672
539 1568396 672
540 1569068 644
541 1569712 644
542 1570356 672
543 1571028 634
544 1571662 647
545 1572309 651
546 1572960 660
547 1573620 651
548 1574271 648
549 1574919 614
550 1575533 672
551 1576205 654
552 1576859 635
553 1577494 643
554 1578137 652
555 1578789 642
556 1579431 645
557 1580076 651
558 1580727 662
559 1581389 652
560 1582041 649
561 1582690 706
562 1583396 639
563 1584035 695
564 1584730 687
565 1585417 644
566 1586061 688
567 1586749 663
568 1587412 680
569 1588092 675
570 1588767 679
571 1589446 667
572 1590113 682
573 1590795 676
574 1591471 680
575 1592151 678
576 1592829 654
577 1593483 647
578 1594130 636
579 1594766 645
580 1595411 646
581 1596057 661
582 1596718 651
583 1597369 680
584 1598049 640
585 1598689 661
586 1599350 654
587 1600004 638
588 1600642 675
589 1601317 632
590 1601949 644
591 1602593 651
592 1603244 655
593 1603899 653
594 1604552 637
595 1605189 640
596 1605829 630
597 1606459 654
598 1607113 652
599 1607765 634
600 1608399 646
601 1609045 651
602 1609696 661
603 1610357 651
604 1611008 680
605 1611688 637
606 1612325 703
607 1613028 627
608 1613655 652
609 1614307 690
610 1614997 646
611 1615643 677
612 1616320 674
613 1616994 706
614 1617700 686
615 1618386 663
616 1619049 665
617 1619714 665
618 1620379 677
619 1621056 676
620 1621732 705
621 1622437 641
622 1623078 647
623 1623725 651
624 1624376 633
625 1625009 645
626 1625654 651
627 1626305 705
628 1627010 636
629 1627646 649
630 1628295 657
631 1628952 669
632 1629621 632
633 1630253 646
634 1630899 646
635 1631545 658
636 1632203 655
637 1632858 667
638 1633525 663
639 1634188 653
640 1634841 635
641 1635476 657
642 1636133 674
643 1636807 673
644 1637480 616
645 1638096 675
646 1638771 635
647 1639406 653
648 1640059 638
649 1640697 640
650 1641337 673
651 1642010 651
652 1642661 710
653 1643371 655
654 1644026 671
655 1644697 685
656 1645382 671
657 1646053 654
658 1646707 673
659 1647380 677
660 1648057 662
661 1648719 675
662 1649394 672
663 1650066 5039
664 1655105 6770
665 1661875 5133
666 1667008 4290
667 1671298 3658
668 1674956 3105
669 1678061 4156
670 1682217 8740
671 1690957 4080
672 1695037 7661
673 1702698 39502
674 1742200 5535
675 1747735 18018
676 1765753 5698
677 1771451 2941
678 1774392 10704
679 1785096 3827
680 1788923 4755
681 1793678 5452
682 1799130 5073
683 1804203 5290
684 1809493 6770
685 1816263 6529
686 1822792 4723
687 1827515 4194
688 1831709 9065
689 1840774 8466
690 1849240 5551
691 1854791 7539
692 1862330 7983
693 1870313 5692
694 1876005 5402
695 1881407 4509
696 1885916 5004
697 1890920 4379
698 1895299 4431
699 1899730 5407
700 1905137 1318
701 1906455 4070
702 1910525 20001
703 1930526 3980
704 1934506 6641
705 1941147 5322
706 1946469 3114
707 1949583 3886
708 1953469 4377
709 1957846 3797
710 1961643 4711
711 1966354 12011
712 1978365 4288
713 1982653 8331
714 1990984 7958
715 1998942 8166
716 2007108 7337
717 2014445 1806
718 2016251 5296
719 2021547 16675
720 2038222 4652
721 2042874 9567
722 2052441 5353
723 2057794 4258
724 2062052 4847
725 2066899 4092
726 2070991 10655
727 2081646 6513
728 2088159 4547
729 2092706 3862
730 2096568 4151
731 2100719 4471
732 2105190 3718
733 2108908 3747
734 2112655 18560
735 2131215 5408
736 2136623 3443
737 2140066 11519
738 2151585 7921
739 2159506 19651
740 2179157 5516
741 2184673 1291
742 2185964 2241
743 2188205 4272
744 2192477 19466
745 2211943 19872
746 2231815 4413
747 2236228 4325
748 2240553 3566
749 2244119 12711
750 2256830 6897
751 2263727 26205
752 2289932 11388
753 2301320 7122
754 2308442 1612
755 2310054 5992
756 2316046 6379
757 2322425 24696
758 2347121 3011
759 2350132 2025
760 2352157 3145
761 2355302 7035
762 2362337 1058
763 2363395 6883
764 2370278 1019
765 2371297 1222
766 2372519 1032
767 2373551 6745
768 2380296 5709
769 2386005 9277
770 2395282 7576
771 2402858 1920
772 2404778 5705
773 2410483 3898
774 2414381 1573
775 2415954 800
776 2416754 3422
777 2420176 11005
778 2431181 3053
779 2434234 2391
780 2436625 5933
781 2442558 1375
782 2443933 4908
783 2448841 879
784 2449720 2649
785 2452369 1791
786 2454160 1410
787 2455570 3648
788 2459218 4513
789 2463731 3858
790 2467589 6275
791 2473864 6554
792 2480418 5198
793 2485616 2993
794 2488609 2138
795 2490747 1144
796 2491891 857
797 2492748 2783
798 2495531 6655
799 2502186 990
800 2503176 1878
801 2505054 1805
802 2506859 8162
803 2515021 1256
804 2516277 2865
805 2519142 2634
806 2521776 1567
807 2523343 804
808 2524147 5349
809 2529496 6965
810 2536461 12488
811 2548949 1260
812 2550209 2445
813 2552654 1111
814 2553765 1353
815 2555118 2285
816 2557403 2883
817 2560286 5505
818 2565791 2856
819 2568647 3196
820 2571843 21677
821 2593520 2877
822 2596397 1676
823 2598073 2551
824 2600624 1826
825 2602450 1942
826 2604392 7407
827 2611799 13286
828 2625085 2857
829 2627942 1879
830 2629821 1520
831 2631341 3218
832 2634559 1523
833 2636082 4378
834 2640460 1185
835 2641645 1219
836 2642864 1432
837 2644296 2669
838 2646965 2055
839 2649020 2463
840 2651483 4623
841 2656106 571
842 2656677 1013
843 2657690 7382
844 2665072 5238
845 2670310 6683
846 2676993 4839
847 2681832 4027
848 2685859 2981
849 2688840 35379
850 2724219 4024
851 2728243 7516
852 2735759 2922
853 2738681 2027
854 2740708 4805
855 2745513 1341
856 2746854 2721
857 2749575 792
858 2750367 6512
859 2756879 3572
860 2760451 9005
861 2769456 6491
862 2775947 2495
863 2778442 3876
864 2782318 8148
865 2790466 2855
866 2793321 3124
867 2796445 10249
868 2806694 21748
869 2828442 3403
870 2831845 2952
871 2834797 6104
872 2840901 2781
873 2843682 4466
874 2848148 6667
875 2854815 990
876 2855805 4926
877 2860731 8512
878 2869243 5409
879 2874652 7267
880 2881919 950
881 2882869 3815
882 2886684 3125
883 2889809 3648
884 2893457 2570
885 2896027 3730
886 2899757 4985
887 2904742 10365
888 2915107 10171
889 2925278 12439
890 2937717 2329
891 2940046 4826
892 2944872 3194
893 2948066 2046
894 2950112 6034
895 2956146 2279
896 2958425 1953
897 2960378 9207
898 2969585 9094
899 2978679 2788
900 2981467 4700
901 2986167 3178
902 2989345 1974
903 2991319 10948
904 3002267 6346
905 3008613 5284
906 3013897 5897
907 3019794 1350
908 3021144 1886
909 3023030 3635
910 3026665 335
911 3027000 4145
912 3031145 2737
913 3033882 8205
914 3042087 7212
915 3049299 7039
916 3056338 9480
917 3065818 3183
918 3069001 3046
919 3072047 1876
920 3073923 7144
921 3081067 3539
922 3084606 2941
923 3087547 1248
924 3088795 12916
925 3101711 11712
926 3113423 11261
927 3124684 9788
928 3134472 2518
929 3136990 755
930 3137745 2841
931 3140586 6405
932 3146991 5186
933 3152177 2572
934 3154749 9797
935 3164546 6553
936 3171099 1594
937 3172693 7446
938 3180139 2939
939 3183078 8434
940 3191512 4541
941 3196053 2972
942 3199025 6376
943 3205401 10028
944 3215429 3086
945 3218515 4418
946 3222933 4220
947 3227153 1894
948 3229047 6550
949 3235597 5507
950 3241104 5266
951 3246370 8062
952 3254432 1870
953 3256302 2852
954 3259154 3163
955 3262317 5196
956 3267513 5676
957 3273189 4721
958 3277910 5609
959 3283519 2147
960 3285666 6996
961 3292662 8279
962 3300941 2485
963 3303426 4508
964 3307934 994
965 3308928 811
966 3309739 4319
967 3314058 3936
968 3317994 3194
969 3321188 3185
970 3324373 1848
971 3326221 6098
972 3332319 3860
973 3336179 3028
974 3339207 4105
975 3343312 2447
976 3345759 1907
977 3347666 3316
978 3350982 22107
979 3373089 4434
980 3377523 2095
981 3379618 10255
982 3389873 3202
983 3393075 5461
984 3398536 5524
985 3404060 4155
986 3408215 4332
987 3412547 6038
988 3418585 3050
989 3421635 5551
990 3427186 1759
991 3428945 2642
992 3431587 5168
993 3436755 3478
994 3440233 5915
995 3446148 5744
996 3451892 4473
997 3456365 2801
998 3459166 4743
999 3463909 206
1000 3464115 5191
1001 3469306 924
1002 3470230 815
1003 3471045 2372
1004 3473417 1890
1005 3475307 2103
1006 3477410 13352
1007 3490762 4491
1008 3495253 1903
1009 3497156 6961
1010 3504117 10105
1011 3514222 1225
1012 3515447 10057
1013 3525504 3665
1014 3529169 1579
1015 3530748 3572
1016 3534320 5891
1017 3540211 6066
1018 3546277 3807
1019 3550084 1999
1020 3552083 3076
1021 3555159 3962
1022 3559121 3550
1023 3562671 5568
1024 3568239 5597
1025 3573836 1336
1026 3575172 3399
1027 3578571 616
1028 3579187 1772
1029 3580959 4427
1030 3585386 2475
1031 3587861 4280
1032 3592141 6696
1033 3598837 6453
1034 3605290 2465
1035 3607755 5360
1036 3613115 2113
1037 3615228 346
1038 3615574 3142
1039 3618716 2031
1040 3620747 2652
1041 3623399 16484
1042 3639883 6554
1043 3646437 14136
1044 3660573 816
1045 3661389 2856
1046 3664245 2124
1047 3666369 2662
1048 3669031 2838
1049 3671869 1831
1050 3673700 20219
1051 3693919 9705
1052 3703624 3707
1053 3707331 3766
1054 3711097 3544
1055 3714641 2122
1056 3716763 3962
1057 3720725 869
1058 3721594 2566
1059 3724160 3159
1060 3727319 4339
1061 3731658 3147
1062 3734805 1087
1063 3735892 707
1064 3736599 4540
1065 3741139 343
1066 3741482 30424
1067 3771906 5263
1068 3777169 7522
1069 3784691 9643
1070 3794334 30501
1071 3824835 19787
1072 3844622 1008
1073 3845630 669
1074 3846299 2403
1075 3848702 1707
1076 3850409 5051
1077 3855460 3415
1078 3858875 4176
1079 3863051 2593
1080 3865644 4712
1081 3870356 1216
1082 3871572 2022
1083 3873594 799
1084 3874393 860
1085 3875253 10006
1086 3885259 2319
1087 3887578 872
1088 3888450 4083
1089 3892533 2935
1090 3895468 3795
1091 3899263 567
1092 3899830 7318
1093 3907148 21640
1094 3928788 5923
1095 3934711 1374
1096 3936085 2265
1097 3938350 2433
1098 3940783 2708
1099 3943491 1456
1100 3944947 4345
1101 3949292 26238
1102 3975530 1108
1103 3976638 1047
1104 3977685 1170
1105 3978855 4745
1106 3983600 1555
1107 3985155 4241
1108 3989396 3364
1109 3992760 1656
1110 3994416 1418
1111 3995834 2109
1112 3997943 2557
1113 4000500 2123
1114 4002623 4308
1115 4006931 1971
1116 4008902 2752
1117 4011654 4098
1118 4015752 1290
1119 4017042 2827
1120 4019869 5759
1121 4025628 1147
1122 4026775 1174
1123 4027949 6754
1124 4034703 2225
1125 4036928 2078
1126 4039006 6781
1127 4045787 3867
1128 4049654 859
1129 4050513 1901
1130 4052414 3200
1131 4055614 1728
1132 4057342 2365
1133 4059707 1259
1134 4060966 3510
1135 4064476 4906
1136 4069382 4764
1137 4074146 6369
1138 4080515 3785
1139 4084300 858
1140 4085158 4539
1141 4089697 4343
1142 4094040 567
1143 4094607 1063
1144 4095670 1674
1145 4097344 3881
1146 4101225 3919
1147 4105144 5377
1148 4110521 2970
1149 4113491 2283
1150 4115774 3374
1151 4119148 890
1152 4120038 8268
1153 4128306 977
1154 4129283 3178
1155 4132461 2449
1156 4134910 2757
1157 4137667 3524
1158 4141191 2725
1159 4143916 5340
1160 4149256 2217
1161 4151473 2095
1162 4153568 4500
1163 4158068 1540
1164 4159608 4115
1165 4163723 5762
1166 4169485 6695
1167 4176180 4724
1168 4180904 1865
1169 4182769 1334
1170 4184103 2913
1171 4187016 7083
1172 4194099 2806
1173 4196905 3765
1174 4200670 2538
1175 4203208 10760
1176 4213968 1034
1177 4215002 9197
1178 4224199 2351
1179 4226550 2793
1180 4229343 2508
1181 4231851 2434
1182 4234285 1411
1183 4235696 1200
1184 4236896 3150
1185 4240046 12180
1186 4252226 1394
1187 4253620 4033
1188 4257653 1354
1189 4259007 11236
1190 4270243 2011
1191 4272254 3424
1192 4275678 3664
1193 4279342 9810
1194 4289152 2215
1195 4291367 1142
1196 4292509 943
1197 4293452 1406
1198 4294858 2164
1199 4297022 10147
1200 4307169 7053
1201 4314222 4879
1202 4319101 5675
1203 4324776 1853
1204 4326629 5391
1205 4332020 1722
1206 4333742 1783
1207 4335525 7026
1208 4342551 4417
1209 4346968 1694
1210 4348662 2242
1211 4350904 2892
1212 4353796 2753
1213 4356549 4042
1214 4360591 8735
1215 4369326 2859
1216 4372185 10806
1217 4382991 10867
1218 4393858 2737
1219 4396595 1712
1220 4398307 1786
1221 4400093 2848
1222 4402941 2998
1223 4405939 2456
1224 4408395 3238
1225 4411633 2379
1226 4414012 3326
1227 4417338 11313
1228 4428651 6885
1229 4435536 10005
1230 4445541 9556
1231 4455097 4312
1232 4459409 11179
1233 4470588 3262
1234 4473850 1974
1235 4475824 3400
1236 4479224 1791
1237 4481015 3364
1238 4484379 3611
1239 4487990 2345
1240 4490335 1837
1241 4492172 5392
1242 4497564 2036
1243 4499600 1548
1244 4501148 2668
1245 4503816 3925
1246 4507741 2093
1247 4509834 1721
1248 4511555 3102
1249 4514657 8636
1250 4523293 3591
1251 4526884 4363
1252 4531247 9009
1253 4540256 4122
1254 4544378 3366
1255 4547744 2788
1256 4550532 4042
1257 4554574 4055
1258 4558629 2245
1259 4560874 2792
1260 4563666 1939
1261 4565605 7025
1262 4572630 3624
1263 4576254 2409
1264 4578663 2063
1265 4580726 3821
1266 4584547 5942
1267 4590489 2356
1268 4592845 5916
1269 4598761 2917
1270 4601678 3786
1271 4605464 1891
1272 4607355 1830
1273 4609185 1981
1274 4611166 1763
1275 4612929 5261
1276 4618190 4192
1277 4622382 3141
1278 4625523 2751
1279 4628274 3546
1280 4631820 2515
1281 4634335 3801
1282 4638136 42242
1283 4680378 3813
1284 4684191 4895
1285 4689086 7044
1286 4696130 3259
1287 4699389 3438
1288 4702827 3580
1289 4706407 1966
1290 4708373 2730
1291 4711103 3831
1292 4714934 2591
1293 4717525 1161
1294 4718686 2531
1295 4721217 5502
1296 4726719 3409
1297 4730128 4158
1298 4734286 2778
1299 4737064 5733
1300 4742797 2666
1301 4745463 4315
1302 4749778 1209
1303 4750987 5795
1304 4756782 1465
1305 4758247 1237
1306 4759484 2154
1307 4761638 7682
1308 4769320 3555
1309 4772875 2676
1310 4775551 12497
1311 4788048 2303
1312 4790351 2098
1313 4792449 3085
1314 4795534 3656
1315 4799190 10530
1316 4809720 3643
1317 4813363 9283
1318 4822646 2169
1319 4824815 1758
1320 4826573 1697
1321 4828270 2477
1322 4830747 1087
1323 4831834 1502
1324 4833336 6185
1325 4839521 5360
1326 4844881 2270
1327 4847151 1857
1328 4849008 4065
1329 4853073 2351
1330 4855424 2288
1331 4857712 7874
1332 4865586 1393
1333 4866979 1562
1334 4868541 4630
1335 4873171 1353
1336 4874524 1379
1337 4875903 1527
1338 4877430 1804
1339 4879234 5788
1340 4885022 2728
1341 4887750 3646
1342 4891396 15447
1343 4906843 4004
1344 4910847 9922
1345 4920769 3911
1346 4924680 2011
1347 4926691 2178
1348 4928869 7943
1349 4936812 2098
1350 4938910 10118
1351 4949028 5567
1352 4954595 2099
1353 4956694 13318
1354 4970012 5838
1355 4975850 4758
1356 4980608 1406
1357 4982014 2504
1358 4984518 2351
1359 4986869 2183
1360 4989052 3685
1361 4992737 1452
1362 4994189 11914
1363 5006103 1199
1364 5007302 730
1365 5008032 5507
1366 5013539 2186
1367 5015725 1411
1368 5017136 989
1369 5018125 8380
1370 5026505 3539
1371 5030044 2040
1372 5032084 3052
1373 5035136 1058
1374 5036194 1826
1375 5038020 1472
1376 5039492 745
1377 5040237 4275
1378 5044512 5655
1379 5050167 3363
1380 5053530 2675
1381 5056205 976
1382 5057181 844
1383 5058025 1274
1384 5059299 5714
1385 5065013 1797
1386 5066810 915
1387 5067725 1985
1388 5069710 13059
1389 5082769 583
1390 5083352 1871
1391 5085223 2646
1392 5087869 2555
1393 5090424 2891
1394 5093315 1795
1395 5095110 939
1396 5096049 2190
1397 5098239 2226
1398 5100465 2433
1399 5102898 2353
1400 5105251 2368
1401 5107619 670
1402 5108289 2632
1403 5110921 1350
1404 5112271 3438
1405 5115709 1734
1406 5117443 876
1407 5118319 1190
1408 5119509 2336
1409 5121845 3645
1410 5125490 3342
1411 5128832 3377
1412 5132209 7791
1413 5140000 5184
1414 5145184 4940
1415 5150124 4167
1416 5154291 8827
1417 5163118 4054
1418 5167172 3423
1419 5170595 5463
1420 5176058 5437
1421 5181495 4909
1422 5186404 3500
1423 5189904 4151
1424 5194055 1169
1425 5195224 8277
1426 5203501 5037
1427 5208538 4855
1428 5213393 4728
1429 5218121 4332
1430 5222453 5734
1431 5228187 8072
1432 5236259 2489
1433 5238748 2157
1434 5240905 3394
1435 5244299 3328
1436 5247627 5518
1437 5253145 5942
1438 5259087 3592
1439 5262679 4334
1440 5267013 7464
1441 5274477 5144
1442 5279621 6020
1443 5285641 2844
1444 5288485 2871
1445 5291356 3220
1446 5294576 8674
1447 5303250 1258
1448 5304508 947
1449 5305455 1139
1450 5306594 4339
1451 5310933 3650
1452 5314583 1574
1453 5316157 11180
1454 5327337 4130
1455 5331467 9626
1456 5341093 4768
1457 5345861 5986
1458 5351847 5444
1459 5357291 9183
1460 5366474 5453
1461 5371927 4166
1462 5376093 663
1463 5376756 4784
1464 5381540 4581
1465 5386121 4001
1466 5390122 5923
1467 5396045 7298
1468 5403343 6940
1469 5410283 2603
1470 5412886 4146
1471 5417032 1472
1472 5418504 23237
1473 5441741 19064
1474 5460805 2727
1475 5463532 9791
1476 5473323 1676
1477 5474999 2424
1478 5477423 7513
1479 5484936 3838
1480 5488774 13128
1481 5501902 3019
1482 5504921 3592
1483 5508513 3399
1484 5511912 5680
1485 5517592 7977
1486 5525569 7122
1487 5532691 6583
1488 5539274 1686
1489 5540960 2815
1490 5543775 3752
1491 5547527 1076
1492 5548603 2467
1493 5551070 1583
1494 5552653 7280
1495 5559933 14394
1496 5574327 2235
1497 5576562 14427
1498 5590989 7088
1499 5598077 3136
1500 5601213 5418
1501 5606631 2269
1502 5608900 9372
1503 5618272 6891
1504 5625163 2652
1505 5627815 7655
1506 5635470 691
1507 5636161 682
1508 5636843 705
1509 5637548 686
1510 5638234 725
1511 5638959 703
1512 5639662 714
1513 5640376 660
1514 5641036 655
1515 5641691 678
1516 5642369 663
1517 5643032 741
1518 5643773 709
1519 5644482 687
1520 5645169 655
1521 5645824 698
1522 5646522 651
1523 5647173 683
1524 5647856 668
1525 5648524 656
1526 5649180 676
1527 5649856 669
1528 5650525 679
1529 5651204 673
1530 5651877 691
1531 5652568 725
1532 5653293 688
1533 5653981 684
1534 5654665 703
1535 5655368 685
1536 5656053 691
1537 5656744 723
1538 5657467 720
1539 5658187 697
1540 5658884 721
1541 5659605 698
1542 5660303 730
1543 5661033 686
1544 5661719 661
1545 5662380 694
1546 5663074 674
1547 5663748 684
1548 5664432 661
1549 5665093 688
1550 5665781 676
1551 5666457 674
1552 5667131 676
1553 5667807 670
1554 5668477 682
1555 5669159 724
1556 5669883 680
1557 5670563 710
1558 5671273 690
1559 5671963 655
1560 5672618 693
1561 5673311 686
1562 5673997 706
1563 5674703 688
1564 5675391 725
1565 5676116 660
1566 5676776 679
1567 5677455 711
1568 5678166 686
1569 5678852 693
1570 5679545 685
1571 5680230 688
1572 5680918 706
1573 5681624 725
1574 5682349 679
1575 5683028 709
1576 5683737 674
1577 5684411 737
1578 5685148 691
1579 5685839 666
1580 5686505 695
1581 5687200 678
1582 5687878 689
1583 5688567 677
1584 5689244 664
1585 5689908 677
1586 5690585 672
1587 5691257 689
1588 5691946 673
1589 5692619 727
1590 5693346 700
1591 5694046 681
1592 5694727 710
1593 5695437 678
1594 5696115 681
1595 5696796 686
1596 5697482 686
1597 5698168 684
1598 5698852 706
1599 5699558 687
1600 5700245 719
1601 5700964 686
1602 5701650 662
1603 5702312 688
1604 5703000 686
1605 5703686 705
1606 5704391 693
1607 5705084 684
1608 5705768 678
1609 5706446 677
1610 5707123 689
1611 5707812 664
1612 5708476 681
1613 5709157 676
1614 5709833 680
1615 5710513 668
1616 5711181 683
1617 5711864 677
1618 5712541 681
1619 5713222 679
1620 5713901 696
1621 5714597 650
1622 5715247 708
1623 5715955 686
1624 5716641 721
1625 5717362 707
1626 5718069 690
1627 5718759 685
1628 5719444 722
1629 5720166 736
1630 5720902 660
1631 5721562 669
1632 5722231 708
1633 5722939 689
1634 5723628 688
1635 5724316 696
1636 5725012 725
1637 5725737 687
1638 5726424 705
1639 5727129 717
1640 5727846 684
1641 5728530 694
1642 5729224 732
1643 5729956 736
1644 5730692 684
1645 5731376 681
1646 5732057 670
1647 5732727 674
1648 5733401 678
1649 5734079 675
1650 5734754 707
1651 5735461 687
1652 5736148 664
1653 5736812 666
1654 5737478 666
1655 5738144 678
1656 5738822 677
1657 5739499 706
1658 5740205 696
1659 5740901 717
1660 5741618 720
1661 5742338 683
1662 5743021 708
1663 5743729 700
1664 5744429 712
1665 5745141 696
1666 5745837 695
1667 5746532 720
1668 5747252 676
1669 5747928 222
1670 5748150 709
1671 5748859 692
1672 5749551 720
1673 5750271 728
1674 5750999 686
1675 5751685 709
1676 5752394 673
1677 5753067 679
1678 5753746 674
1679 5754420 673
1680 5755093 715
1681 5755808 672
1682 5756480 686
1683 5757166 672
1684 5757838 655
1685 5758493 674
1686 5759167 678
1687 5759845 663
1688 5760508 676
1689 5761184 673
1690 5761857 691
1691 5762548 671
1692 5763219 680
1693 5763899 716
1694 5764615 721
1695 5765336 736
1696 5766072 710
1697 5766782 676
1698 5767458 686
1699 5768144 707
1700 5768851 670
1701 5769521 709
1702 5770230 666
1703 5770896 682
1704 5771578 694
1705 5772272 679
1706 5772951 692
1707 5773643 716
1708 5774359 676
1709 5775035 669
1710 5775704 709
1711 5776413 679
1712 5777092 694
1713 5777786 671
1714 5778457 716
1715 5779173 680
1716 5779853 697
1717 5780550 682
1718 5781232 692
1719 5781924 730
1720 5782654 725
1721 5783379 736
1722 5784115 678
1723 5784793 707
1724 5785500 676
1725 5786176 681
1726 5786857 670
1727 5787527 701
1728 5788228 660
1729 5788888 666
1730 5789554 689
1731 5790243 669
1732 5790912 687
1733 5791599 674
1734 5792273 701
1735 5792974 665
1736 5793639 715
1737 5794354 699
1738 5795053 678
1739 5795731 708
1740 5796439 674
1741 5797113 680
1742 5797793 702
1743 5798495 680
1744 5799175 681
1745 5799856 693
1746 5800549 712
1747 5801261 674
1748 5801935 666
1749 5802601 718
1750 5803319 685
1751 5804004 678
1752 5804682 703
1753 5805385 693
1754 5806078 671
1755 5806749 709
1756 5807458 680
1757 5808138 727
1758 5808865 726
1759 5809591 719
1760 5810310 735
1761 5811045 738
1762 5811783 712
1763 5812495 707
1764 5813202 708
1765 5813910 725
1766 5814635 710
1767 5815345 695
1768 5816040 660
1769 5816700 681
1770 5817381 703
1771 5818084 682
1772 5818766 690
1773 5819456 710
1774 5820166 695
1775 5820861 655
1776 5821516 684
1777 5822200 708
1778 5822908 690
1779 5823598 721
1780 5824319 757
1781 5825076 756
1782 5825832 692
1783 5826524 659
1784 5827183 668
1785 5827851 672
1786 5828523 679
1787 5829202 653
1788 5829855 699
1789 5830554 647
1790 5831201 657
1791 5831858 681
1792 5832539 660
1793 5833199 696
1794 5833895 720
1795 5834615 671
1796 5835286 694
1797 5835980 712
1798 5836692 701
1799 5837393 708
1800 5838101 685
1801 5838786 695
1802 5839481 699
1803 5840180 706
1804 5840886 673
1805 5841559 738
1806 5842297 704
1807 5843001 660
1808 5843661 685
1809 5844346 674
1810 5845020 672
1811 5845692 669
1812 5846361 647
1813 5847008 670
1814 5847678 664
1815 5848342 673
1816 5849015 668
1817 5849683 679
1818 5850362 681
1819 5851043 706
1820 5851749 661
1821 5852410 689
1822 5853099 675
1823 5853774 739
1824 5854513 716
1825 5855229 681
1826 5855910 683
1827 5856593 675
1828 5857268 698
1829 5857966 669
1830 5858635 683
1831 5859318 681
1832 5859999 709
1833 5860708 678
1834 5861386 701
1835 5862087 716
1836 5862803 694
1837 5863497 686
1838 5864183 696
1839 5864879 681
1840 5865560 709
1841 5866269 683
1842 5866952 691
1843 5867643 676
1844 5868319 668
1845 5868987 663
1846 5869650 672
1847 5870322 656
1848 5870978 672
1849 5871650 689
1850 5872339 672
1851 5873011 668
1852 5873679 717
1853 5874396 700
1854 5875096 680
1855 5875776 716
1856 5876492 708
1857 5877200 682
1858 5877882 685
1859 5878567 686
1860 5879253 713
1861 5879966 699
1862 5880665 680
1863 5881345 705
1864 5882050 681
1865 5882731 744
1866 5883475 695
1867 5884170 707
1868 5884877 662
1869 5885539 667
1870 5886206 659
1871 5886865 713
1872 5887578 688
1873 5888266 688
1874 5888954 698
1875 5889652 686
1876 5890338 669
1877 5891007 675
1878 5891682 670
1879 5892352 662
1880 5893014 676
1881 5893690 665
1882 5894355 685
1883 5895040 650
1884 5895690 663
1885 5896353 678
1886 5897031 674
1887 5897705 700
1888 5898405 704
1889 5899109 673
1890 5899782 687
1891 5900469 666
1892 5901135 681
1893 5901816 663
1894 5902479 682
1895 5903161 713
1896 5903874 680
1897 5904554 695
1898 5905249 673
1899 5905922 653
1900 5906575 680
1901 5907255 709
1902 5907964 681
1903 5908645 712
1904 5909357 681
1905 5910038 689
1906 5910727 661
1907 5911388 669
1908 5912057 688
1909 5912745 691
1910 5913436 664
1911 5914100 662
1912 5914762 713
1913 5915475 690
1914 5916165 663
1915 5916828 661
1916 5917489 653
1917 5918142 695
1918 5918837 732
1919 5919569 691
1920 5920260 659
1921 5920919 666
1922 5921585 661
1923 5922246 671
1924 5922917 649
1925 5923566 656
1926 5924222 655
1927 5924877 682
1928 5925559 664
1929 5926223 680
1930 5926903 647
1931 5927550 690
1932 5928240 676
1933 5928916 9024
1934 5937940 12689
1935 5950629 2239
1936 5952868 3625
1937 5956493 5564
1938 5962057 5659
1939 5967716 5731
1940 5973447 7597
1941 5981044 1051
1942 5982095 7267
1943 5989362 2961
1944 5992323 9675
1945 6001998 4237
1946 6006235 7012
1947 6013247 2903
1948 6016150 1672
1949 6017822 3550
1950 6021372 1935
1951 6023307 6297
1952 6029604 15138
1953 6044742 352
1954 6045094 2591
1955 6047685 7425
1956 6055110 4029
1957 6059139 3723
1958 6062862 517
1959 6063379 2466
1960 6065845 4464
1961 6070309 3208
1962 6073517 4035
1963 6077552 2994
1964 6080546 7053
1965 6087599 10533
1966 6098132 8797
1967 6106929 6139
1968 6113068 6967
1969 6120035 3829
1970 6123864 4007
1971 6127871 2884
1972 6130755 1943
1973 6132698 2376
1974 6135074 3810
1975 6138884 3869
1976 6142753 6678
1977 6149431 4611
1978 6154042 3626
1979 6157668 12172
1980 6169840 6364
1981 6176204 5258
1982 6181462 1226
1983 6182688 3857
1984 6186545 8555
1985 6195100 2525
1986 6197625 4395
1987 6202020 6748
1988 6208768 5358
1989 6214126 2630
1990 6216756 1511
1991 6218267 3544
1992 6221811 4531
1993 6226342 6253
1994 6232595 8595
1995 6241190 1958
1996 6243148 5798
1997 6248946 7952
1998 6256898 1337
1999 6258235 3472
2000 6261707 4159
2001 6265866 1697
2002 6267563 8898
2003 6276461 10419
2004 6286880 4424
2005 6291304 832
2006 6292136 4034
2007 6296170 2077
2008 6298247 2706
2009 6300953 2869
2010 6303822 1988
2011 6305810 4509
2012 6310319 7293
2013 6317612 1583
2014 6319195 2657
2015 6321852 2620
2016 6324472 1032
2017 6325504 1895
2018 6327399 8914
2019 6336313 6223
2020 6342536 1349
2021 6343885 2033
2022 6345918 4835
2023 6350753 7619
2024 6358372 8283
2025 6366655 4866
2026 6371521 5705
2027 6377226 2040
2028 6379266 11245
2029 6390511 6234
2030 6396745 2205
2031 6398950 5064
2032 6404014 2800
2033 6406814 10214
2034 6417028 2632
2035 6419660 1297
2036 6420957 2950
2037 6423907 2329
2038 6426236 3215
2039 6429451 981
2040 6430432 3860
2041 6434292 2623
2042 6436915 1541
2043 6438456 3755
2044 6442211 1683
2045 6443894 6401
2046 6450295 2495
2047 6452790 2182
2048 6454972 5101
2049 6460073 9489
2050 6469562 5219
2051 6474781 1170
2052 6475951 1375
2053 6477326 1538
2054 6478864 2495
2055 6481359 2391
2056 6483750 1849
2057 6485599 3880
2058 6489479 2449
2059 6491928 4246
2060 6496174 3784
2061 6499958 466
2062 6500424 14515
2063 6514939 10005
2064 6524944 2491
2065 6527435 2113
2066 6529548 2478
2067 6532026 2859
2068 6534885 6463
2069 6541348 8078
2070 6549426 5310
2071 6554736 6028
2072 6560764 4589
2073 6565353 2525
2074 6567878 2513
2075 6570391 7444
2076 6577835 8962
2077 6586797 5750
2078 6592547 914
2079 6593461 2905
2080 6596366 3363
2081 6599729 1410
2082 6601139 2193
2083 6603332 1950
2084 6605282 874
2085 6606156 536
2086 6606692 969
2087 6607661 2747
2088 6610408 2776
2089 6613184 2063
2090 6615247 5833
2091 6621080 2062
2092 6623142 3850
2093 6626992 8363
2094 6635355 4291
2095 6639646 2413
2096 6642059 1719
2097 6643778 3270
2098 6647048 1979
2099 6649027 8578
2100 6657605 1841
2101 6659446 1964
2102 6661410 3255
2103 6664665 2073
2104 6666738 6276
2105 6673014 6418
2106 6679432 5796
2107 6685228 12185
2108 6697413 3913
2109 6701326 2023
2110 6703349 2208
2111 6705557 9839
2112 6715396 4889
2113 6720285 6444
2114 6726729 3107
2115 6729836 6157
2116 6735993 6132
2117 6742125 2160
2118 6744285 6781
2119 6751066 3451
2120 6754517 6971
2121 6761488 9283
2122 6770771 1864
2123 6772635 3009
2124 6775644 1834
2125 6777478 3410
2126 6780888 6284
2127 6787172 6856
2128 6794028 6633
2129 6800661 6664
2130 6807325 10354
2131 6817679 10078
2132 6827757 1259
2133 6829016 973
2134 6829989 1239
2135 6831228 3910
2136 6835138 928
2137 6836066 6038
2138 6842104 1451
2139 6843555 2922
2140 6846477 2760
2141 6849237 5781
2142 6855018 12429
2143 6867447 3968
2144 6871415 26605
2145 6898020 3824
2146 6901844 4344
2147 6906188 12635
2148 6918823 4620
2149 6923443 5248
2150 6928691 14849
2151 6943540 12478
2152 6956018 3796
2153 6959814 2076
2154 6961890 9558
2155 6971448 1863
2156 6973311 2808
2157 6976119 3373
2158 6979492 2916
2159 6982408 6045
2160 6988453 9904
2161 6998357 4103
2162 7002460 1213
2163 7003673 2239
2164 7005912 5614
2165 7011526 4718
2166 7016244 4638
2167 7020882 4515
2168 7025397 2872
2169 7028269 5864
2170 7034133 4300
2171 7038433 6278
2172 7044711 4284
2173 7048995 2129
2174 7051124 1729
2175 7052853 9084
2176 7061937 4270
2177 7066207 7268
2178 7073475 1598
2179 7075073 2313
2180 7077386 5885
2181 7083271 14474
2182 7097745 4078
2183 7101823 10347
2184 7112170 1369
2185 7113539 3224
2186 7116763 1239
2187 7118002 943
2188 7118945 1875
2189 7120820 3197
2190 7124017 12462
2191 7136479 4448
2192 7140927 11383
2193 7152310 3718
2194 7156028 5370
2195 7161398 1364
2196 7162762 14707
2197 7177469 1156
2198 7178625 1377
2199 7180002 5346
2200 7185348 2562
2201 7187910 3149
2202 7191059 6985
2203 7198044 6474
2204 7204518 9400
2205 7213918 12147
2206 7226065 2133
2207 7228198 6613
2208 7234811 6395
2209 7241206 10412
2210 7251618 7819
2211 7259437 221
2212 7259658 6061
2213 7265719 1283
2214 7267002 4995
2215 7271997 10352
2216 7282349 5598
2217 7287947 3148
2218 7291095 2266
2219 7293361 2201
2220 7295562 2535
2221 7298097 2067
2222 7300164 1661
2223 7301825 1683
2224 7303508 1864
2225 7305372 1880
2226 7307252 3934
2227 7311186 2937
2228 7314123 17060
2229 7331183 3860
2230 7335043 9013
2231 7344056 3979
2232 7348035 3787
2233 7351822 6825
2234 7358647 3145
2235 7361792 3989
2236 7365781 3379
2237 7369160 10536
2238 7379696 1567
2239 7381263 5585
2240 7386848 1980
2241 7388828 2007
2242 7390835 3499
2243 7394334 9128
2244 7403462 8276
2245 7411738 3691
2246 7415429 1857
2247 7417286 1135
2248 7418421 1896
2249 7420317 4403
2250 7424720 4351
2251 7429071 1266
2252 7430337 7665
2253 7438002 3873
2254 7441875 3884
2255 7445759 1428
2256 7447187 5150
2257 7452337 945
2258 7453282 653
2259 7453935 7896
2260 7461831 3470
2261 7465301 3928
2262 7469229 3317
2263 7472546 1396
2264 7473942 1176
2265 7475118 2357
2266 7477475 12143
2267 7489618 5935
2268 7495553 6011
2269 7501564 1826
2270 7503390 1300
2271 7504690 22949
2272 7527639 1600
2273 7529239 6732
2274 7535971 6682
2275 7542653 9885
2276 7552538 1723
2277 7554261 3904
2278 7558165 2186
2279 7560351 2573
2280 7562924 4042
2281 7566966 4478
2282 7571444 906
2283 7572350 5381
2284 7577731 2010
2285 7579741 1650
2286 7581391 9063
2287 7590454 10675
2288 7601129 3045
2289 7604174 679
2290 7604853 8048
2291 7612901 4314
2292 7617215 13921
2293 7631136 5097
2294 7636233 2627
2295 7638860 4052
2296 7642912 16634
2297 7659546 6823
2298 7666369 2752
2299 7669121 446
2300 7669567 2517
2301 7672084 4212
2302 7676296 4638
2303 7680934 14554
2304 7695488 8446
2305 7703934 2020
2306 7705954 2919
2307 7708873 2049
2308 7710922 1988
2309 7712910 5215
2310 7718125 2334
2311 7720459 3490
2312 7723949 2116
2313 7726065 1940
2314 7728005 2330
2315 7730335 4486
2316 7734821 4300
2317 7739121 2034
2318 7741155 3299
2319 7744454 3621
2320 7748075 2279
2321 7750354 2036
2322 7752390 1899
2323 7754289 2204
2324 7756493 5065
2325 7761558 4322
2326 7765880 4361
2327 7770241 3570
2328 7773811 2584
2329 7776395 2699
2330 7779094 2464
2331 7781558 2519
2332 7784077 6199
2333 7790276 11089
2334 7801365 3713
2335 7805078 4563
2336 7809641 7294
2337 7816935 3629
2338 7820564 2972
2339 7823536 2511
2340 7826047 2737
2341 7828784 4006
2342 7832790 4695
2343 7837485 3013
2344 7840498 5506
2345 7846004 3656
2346 7849660 8350
2347 7858010 2922
2348 7860932 7414
2349 7868346 2484
2350 7870830 1257
2351 7872087 19035
2352 7891122 10751
2353 7901873 3605
2354 7905478 3673
2355 7909151 6348
2356 7915499 10341
2357 7925840 3510
2358 7929350 4795
2359 7934145 4857
2360 7939002 4857
2361 7943859 3423
2362 7947282 26613
2363 7973895 13390
2364 7987285 18188
2365 8005473 32403
2366 8037876 4318
2367 8042194 5766
2368 8047960 7903
2369 8055863 5958
2370 8061821 11243
2371 8073064 1950
2372 8075014 7380
2373 8082394 3716
2374 8086110 8005
2375 8094115 656
2376 8094771 5357
2377 8100128 2589
2378 8102717 3176
2379 8105893 4168
2380 8110061 806
2381 8110867 1058
2382 8111925 6533
2383 8118458 1745
2384 8120203 2340
2385 8122543 3004
2386 8125547 4103
2387 8129650 3515
2388 8133165 2317
2389 8135482 4970
2390 8140452 10371
2391 8150823 717
2392 8151540 3591
2393 8155131 3481
2394 8158612 5661
2395 8164273 4023
2396 8168296 6327
2397 8174623 10850
2398 8185473 2103
2399 8187576 1659
2400 8189235 3151
2401 8192386 6101
2402 8198487 2010
2403 8200497 4937
2404 8205434 1479
2405 8206913 10250
2406 8217163 4604
2407 8221767 3047
2408 8224814 2870
2409 8227684 1511
2410 8229195 2003
2411 8231198 5327
2412 8236525 2919
2413 8239444 8638
2414 8248082 7854
2415 8255936 5769
2416 8261705 3069
2417 8264774 7851
2418 8272625 1268
2419 8273893 3032
2420 8276925 3171
2421 8280096 2773
2422 8282869 552
2423 8283421 5909
2424 8289330 646
2425 8289976 2101
2426 8292077 6755
2427 8298832 5908
2428 8304740 2546
2429 8307286 3100
2430 8310386 9018
2431 8319404 3642
2432 8323046 4378
2433 8327424 3366
2434 8330790 9973
2435 8340763 4211
2436 8344974 1546
2437 8346520 5011
2438 8351531 1106
2439 8352637 5622
2440 8358259 2223
2441 8360482 1938
2442 8362420 17471
2443 8379891 6095
2444 8385986 2280
2445 8388266 2644
2446 8390910 5429
2447 8396339 3948
2448 8400287 13981
2449 8414268 3852
2450 8418120 1875
2451 8419995 3864
2452 8423859 7067
2453 8430926 2987
2454 8433913 784
2455 8434697 5502
2456 8440199 5356
2457 8445555 3094
2458 8448649 5601
2459 8454250 2184
2460 8456434 869
2461 8457303 6085
2462 8463388 14586
2463 8477974 2154
2464 8480128 898
2465 8481026 866
2466 8481892 2949
2467 8484841 1899
2468 8486740 2340
2469 8489080 3748
2470 8492828 3153
2471 8495981 3718
2472 8499699 3310
2473 8503009 2540
2474 8505549 2571
2475 8508120 2668
2476 8510788 940
2477 8511728 1740
2478 8513468 6009
2479 8519477 2694
2480 8522171 1762
2481 8523933 2218
2482 8526151 2140
2483 8528291 3579
2484 8531870 6196
2485 8538066 1276
2486 8539342 2931
2487 8542273 1932
2488 8544205 1318
2489 8545523 1209
2490 8546732 1873
2491 8548605 6535
2492 8555140 1830
2493 8556970 3542
2494 8560512 1876
2495 8562388 882
2496 8563270 2813
2497 8566083 973
2498 8567056 6175
2499 8573231 5390
2500 8578621 1715
2501 8580336 838
2502 8581174 867
2503 8582041 2601
2504 8584642 6000
2505 8590642 4677
2506 8595319 4616
2507 8599935 7350
2508 8607285 851
2509 8608136 2920
2510 8611056 2930
2511 8613986 1155
2512 8615141 1338
2513 8616479 7643
2514 8624122 1547
2515 8625669 2359
2516 8628028 2648
2517 8630676 1486
2518 8632162 1530
2519 8633692 1731
2520 8635423 2651
2521 8638074 2054
2522 8640128 17137
2523 8657265 1575
2524 8658840 4910
2525 8663750 2253
2526 8666003 2882
2527 8668885 6538
2528 8675423 4362
2529 8679785 2999
2530 8682784 1241
2531 8684025 5557
2532 8689582 1066
2533 8690648 2291
2534 8692939 2098
2535 8695037 5023
2536 8700060 5101
2537 8705161 9514
2538 8714675 4316
2539 8718991 2735
2540 8721726 1057
2541 8722783 983
2542 8723766 971
2543 8724737 1115
2544 8725852 4349
2545 8730201 5962
2546 8736163 3402
2547 8739565 2984
2548 8742549 4144
2549 8746693 2302
2550 8748995 4057
2551 8753052 13894
2552 8766946 2693
2553 8769639 2097
2554 8771736 3960
2555 8775696 3898
2556 8779594 3908
2557 8783502 1929
2558 8785431 5471
2559 8790902 6909
2560 8797811 2702
2561 8800513 4615
2562 8805128 7221
2563 8812349 1570
2564 8813919 2710
2565 8816629 2734
2566 8819363 1091
2567 8820454 5698
2568 8826152 1215
2569 8827367 1094
2570 8828461 3678
2571 8832139 6112
2572 8838251 1271
2573 8839522 1418
2574 8840940 4000
2575 8844940 4711
2576 8849651 2420
2577 8852071 2236
2578 8854307 3810
2579 8858117 4259
2580 8862376 976
2581 8863352 2971
2582 8866323 1173
2583 8867496 1817
2584 8869313 2036
2585 8871349 3250
2586 8874599 7177
2587 8881776 9281
2588 8891057 4000
2589 8895057 4268
2590 8899325 4951
2591 8904276 4025
2592 8908301 4766
2593 8913067 1244
2594 8914311 4317
2595 8918628 2851
2596 8921479 1810
2597 8923289 1165
2598 8924454 4155
2599 8928609 4089
2600 8932698 2924
2601 8935622 1370
2602 8936992 3200
2603 8940192 7925
2604 8948117 19108
2605 8967225 2291
2606 8969516 3819
2607 8973335 1734
2608 8975069 4410
2609 8979479 5172
2610 8984651 9144
2611 8993795 3178
2612 8996973 14510
2613 9011483 3779
2614 9015262 365
2615 9015627 6409
2616 9022036 8868
2617 9030904 5802
2618 9036706 2201
2619 9038907 5009
2620 9043916 1294
2621 9045210 3961
2622 9049171 6592
2623 9055763 1733
2624 9057496 3555
2625 9061051 2914
2626 9063965 6748
2627 9070713 5745
2628 9076458 2034
2629 9078492 7041
2630 9085533 4350
2631 9089883 11505
2632 9101388 7540
2633 9108928 4688
2634 9113616 3608
2635 9117224 6487
2636 9123711 9673
2637 9133384 1627
2638 9135011 3045
2639 9138056 2495
2640 9140551 4683
2641 9145234 8748
2642 9153982 1856
2643 9155838 5353
2644 9161191 2340
2645 9163531 1115
2646 9164646 5725
2647 9170371 2200
2648 9172571 1672
2649 9174243 2085
2650 9176328 1312
2651 9177640 1319
2652 9178959 7496
2653 9186455 3782
2654 9190237 1048
2655 9191285 2498
2656 9193783 2257
2657 9196040 3248
2658 9199288 2613
2659 9201901 37015
2660 9238916 1238
2661 9240154 1772
2662 9241926 5658
2663 9247584 1276
2664 9248860 1676
2665 9250536 1757
2666 9252293 2503
2667 9254796 1704
2668 9256500 1608
2669 9258108 3132
2670 9261240 3248
2671 9264488 4950
2672 9269438 1810
2673 9271248 981
2674 9272229 1520
2675 9273749 2080
2676 9275829 1554
2677 9277383 1826
2678 9279209 1314
2679 9280523 1933
2680 9282456 1649
2681 9284105 886
2682 9284991 2889
2683 9287880 1901
2684 9289781 6630
2685 9296411 2850
2686 9299261 1430
2687 9300691 1232
2688 9301923 2859
2689 9304782 1483
2690 9306265 2546
2691 9308811 1494
2692 9310305 1366
2693 9311671 2218
2694 9313889 1547
2695 9315436 5575
2696 9321011 2670
2697 9323681 5835
2698 9329516 1702
2699 9331218 1352
2700 9332570 3235
2701 9335805 1629
2702 9337434 2817
2703 9340251 975
2704 9341226 4226
2705 9345452 3467
2706 9348919 3101
2707 9352020 3459
2708 9355479 2943
2709 9358422 1514
2710 9359936 999
2711 9360935 2193
2712 9363128 1205
2713 9364333 3606
2714 9367939 3883
2715 9371822 1810
2716 9373632 5005
2717 9378637 1162
2718 9379799 1385
2719 9381184 1100
2720 9382284 1190
2721 9383474 5370
2722 9388844 1883
2723 9390727 1157
2724 9391884 1320
2725 9393204 1411
2726 9394615 4211
2727 9398826 1534
2728 9400360 1243
2729 9401603 1978
2730 9403581 5397
2731 9408978 2366
2732 9411344 3365
2733 9414709 4202
2734 9418911 6416
2735 9425327 1513
2736 9426840 2942
2737 9429782 2119
2738 9431901 3134
2739 9435035 1628
2740 9436663 8591
2741 9445254 3529
2742 9448783 3416
2743 9452199 1391
2744 9453590 7992
2745 9461582 8276
2746 9469858 8713
2747 9478571 5711
2748 9484282 7478
2749 9491760 8037
2750 9499797 5702
2751 9505499 1820
2752 9507319 6656
2753 9513975 9731
2754 9523706 4207
2755 9527913 4713
2756 9532626 2752
2757 9535378 2489
2758 9537867 3988
2759 9541855 4950
2760 9546805 4287
2761 9551092 3360
2762 9554452 7111
2763 9561563 8888
2764 9570451 8564
2765 9579015 2902
2766 9581917 911
2767 9582828 4288
2768 9587116 8360
2769 9595476 9475
2770 9604951 5590
2771 9610541 2497
2772 9613038 8263
2773 9621301 6859
2774 9628160 3520
2775 9631680 2957
2776 9634637 1083
2777 9635720 3165
2778 9638885 11108
2779 9649993 7621
2780 9657614 7691
2781 9665305 1110
2782 9666415 3080
2783 9669495 1891
2784 9671386 8313
2785 9679699 7499
2786 9687198 4173
2787 9691371 1108
2788 9692479 9603
2789 9702082 9654
2790 9711736 2729
2791 9714465 3912
2792 9718377 5933
2793 9724310 14976
2794 9739286 3142
2795 9742428 4752
2796 9747180 7966
2797 9755146 6556
2798 9761702 2611
2799 9764313 4363
2800 9768676 4027
2801 9772703 3490
2802 9776193 5344
2803 9781537 2337
2804 9783874 1182
2805 9785056 1439
2806 9786495 4141
2807 9790636 1199
2808 9791835 3782
2809 9795617 3654
2810 9799271 3807
2811 9803078 3394
2812 9806472 2561
2813 9809033 1055
2814 9810088 1318
2815 9811406 8123
2816 9819529 7086
2817 9826615 4506
2818 9831121 7354
2819 9838475 1018
2820 9839493 3352
2821 9842845 9144
2822 9851989 2170
2823 9854159 6352
2824 9860511 6309
2825 9866820 1218
2826 9868038 1083
2827 9869121 7037
2828 9876158 3692
2829 9879850 2791
2830 9882641 1092
2831 9883733 3014
2832 9886747 3010
2833 9889757 1360
2834 9891117 1245
2835 9892362 1049
2836 9893411 2577
2837 9895988 1321
2838 9897309 1244
2839 9898553 2089
2840 9900642 2852
2841 9903494 2911
2842 9906405 3026
2843 9909431 3023
2844 9912454 1086
2845 9913540 3651
2846 9917191 2714
2847 9919905 4390
2848 9924295 3430
2849 9927725 6415
2850 9934140 3360
2851 9937500 946
2852 9938446 2353
2853 9940799 4670
2854 9945469 834
2855 9946303 6146
2856 9952449 1434
2857 9953883 6153
2858 9960036 900
2859 9960936 1644
2860 9962580 899
2861 9963479 3744
2862 9967223 6652
2863 9973875 852
2864 9974727 3446
2865 9978173 4165
2866 9982338 1360
2867 9983698 1944
2868 9985642 1677
2869 9987319 2668
2870 9989987 2667
2871 9992654 1890
2872 9994544 3139
2873 9997683 1064
2874 9998747 3622
2875 10002369 2100
2876 10004469 2096
2877 10006565 3451
2878 10010016 1820
2879 10011836 3223
2880 10015059 632
2881 10015691 1131
2882 10016822 836
2883 10017658 2594
2884 10020252 1083
2885 10021335 2757
2886 10024092 1888
2887 10025980 1817
2888 10027797 750
2889 10028547 1703
2890 10030250 2564
2891 10032814 1592
2892 10034406 2312
2893 10036718 2802
2894 10039520 2275
2895 10041795 1093
2896 10042888 2546
2897 10045434 1452
2898 10046886 4580
2899 10051466 2236
2900 10053702 1816
2901 10055518 4256
2902 10059774 563
2903 10060337 856
2904 10061193 2590
2905 10063783 4757
2906 10068540 3584
2907 10072124 930
2908 10073054 3540
2909 10076594 1247
2910 10077841 2455
2911 10080296 3021
2912 10083317 3259
2913 10086576 3796
2914 10090372 4309
2915 10094681 3666
2916 10098347 14717
2917 10113064 3113
2918 10116177 4881
2919 10121058 4164
2920 10125222 2851
2921 10128073 3012
2922 10131085 3839
2923 10134924 3669
2924 10138593 20120
2925 10158713 4092
2926 10162805 1325
2927 10164130 4233
2928 10168363 3735
2929 10172098 5408
2930 10177506 4380
2931 10181886 3854
2932 10185740 4432
2933 10190172 3129
2934 10193301 1749
2935 10195050 4632
2936 10199682 3829
2937 10203511 3378
2938 10206889 4284
2939 10211173 4330
2940 10215503 3743
2941 10219246 3739
2942 10222985 3976
2943 10226961 4291
2944 10231252 3671
2945 10234923 4424
2946 10239347 3831
2947 10243178 4847
2948 10248025 3610
2949 10251635 4114
2950 10255749 4869
2951 10260618 4285
2952 10264903 4072
2953 10268975 3578
2954 10272553 2945
2955 10275498 3290
2956 10278788 3361
2957 10282149 4319
2958 10286468 3327
2959 10289795 19467
2960 10309262 4414
2961 10313676 3467
2962 10317143 1613
2963 10318756 3653
2964 10322409 3715
2965 10326124 19652
2966 10345776 4759
2967 10350535 1589
2968 10352124 3513
2969 10355637 4990
2970 10360627 4260
2971 10364887 3449
2972 10368336 1298
2973 10369634 3560
2974 10373194 5538
2975 10378732 3882
2976 10382614 5256
2977 10387870 3650
2978 10391520 3576
2979 10395096 3867
2980 10398963 3988
2981 10402951 3752
2982 10406703 2965
2983 10409668 3496
2984 10413164 3846
2985 10417010 3533
2986 10420543 3944
2987 10424487 19050
2988 10443537 4576
2989 10448113 3841
2990 10451954 3681
2991 10455635 1654
2992 10457289 4389
2993 10461678 1298
2994 10462976 992
2995 10463968 3020
2996 10466988 4131
2997 10471119 3609
2998 10474728 2874
2999 10477602 3728
3000 10481330 2841
3001 10484171 1169
3002 10485340 4282
3003 10489622 20007
3004 10509629 3887
3005 10513516 3355
3006 10516871 4875
3007 10521746 3375
3008 10525121 3335
3009 10528456 3707
3010 10532163 1306
3011 10533469 4487
3012 10537956 2618
3013 10540574 12971
3014 10553545 1367
3015 10554912 1485
3016 10556397 6576
3017 10562973 2762
3018 10565735 1589
3019 10567324 2451
3020 10569775 2925
3021 10572700 3880
3022 10576580 9391
3023 10585971 2331
3024 10588302 7983
3025 10596285 2403
3026 10598688 1483
3027 10600171 1133
3028 10601304 3494
3029 10604798 6544
3030 10611342 2881
3031 10614223 2418
3032 10616641 2635
3033 10619276 2639
3034 10621915 3890
3035 10625805 2549
3036 10628354 4202
3037 10632556 2253
3038 10634809 11710
3039 10646519 4160
3040 10650679 7833
3041 10658512 10592
3042 10669104 3474
3043 10672578 7026
3044 10679604 4529
3045 10684133 4971
3046 10689104 3122
3047 10692226 1400
3048 10693626 4053
3049 10697679 1841
3050 10699520 1858
3051 10701378 3583
3052 10704961 2572
3053 10707533 2666
3054 10710199 1097
3055 10711296 2278
3056 10713574 4412
3057 10717986 2341
3058 10720327 6731
3059 10727058 2141
3060 10729199 2605
3061 10731804 3009
3062 10734813 3030
3063 10737843 3098
3064 10740941 2444
3065 10743385 2773
3066 10746158 6716
3067 10752874 5262
3068 10758136 1722
3069 10759858 14214
3070 10774072 5433
3071 10779505 1003
3072 10780508 14656
3073 10795164 1881
3074 10797045 2347
3075 10799392 1901
3076 10801293 2784
3077 10804077 1994
3078 10806071 6743
3079 10812814 3139
3080 10815953 3105
3081 10819058 2413
3082 10821471 1981
3083 10823452 2967
3084 10826419 5894
3085 10832313 16249
3086 10848562 8078
3087 10856640 3585
3088 10860225 3261
3089 10863486 2683
3090 10866169 3405
3091 10869574 1645
3092 10871219 2687
3093 10873906 1692
3094 10875598 2988
3095 10878586 2413
3096 10880999 2173
3097 10883172 1648
3098 10884820 3569
3099 10888389 6579
3100 10894968 3614
3101 10898582 6942
3102 10905524 11354
3103 10916878 2682
3104 10919560 4113
3105 10923673 2512
3106 10926185 4029
3107 10930214 3374
3108 10933588 4008
3109 10937596 1769
3110 10939365 2320
3111 10941685 5955
3112 10947640 2597
3113 10950237 1700
3114 10951937 8057
3115 10959994 7238
3116 10967232 4518
3117 10971750 9683
3118 10981433 6789
3119 10988222 6260
3120 10994482 3201
3121 10997683 5925
3122 11003608 4923
3123 11008531 6231
3124 11014762 5261
3125 11020023 2308
3126 11022331 3463
3127 11025794 10170
3128 11035964 6222
3129 11042186 4550
3130 11046736 4601
3131 11051337 2812
3132 11054149 506
3133 11054655 8589
3134 11063244 5125
3135 11068369 2574
3136 11070943 1776
3137 11072719 3442
3138 11076161 3559
3139 11079720 2825
3140 11082545 5323
3141 11087868 1489
3142 11089357 1195
3143 11090552 3147
3144 11093699 7654
3145 11101353 7687
3146 11109040 1459
3147 11110499 6069
3148 11116568 1725
3149 11118293 2362
3150 11120655 5276
3151 11125931 1756
3152 11127687 3390
3153 11131077 1960
3154 11133037 1204
3155 11134241 2674
3156 11136915 703
3157 11137618 2833
3158 11140451 5423
3159 11145874 225
3160 11146099 1835
3161 11147934 2867
3162 11150801 4705
3163 11155506 1430
3164 11156936 1290
3165 11158226 1651
3166 11159877 1232
3167 11161109 1695
3168 11162804 1123
3169 11163927 954
3170 11164881 4003
3171 11168884 863
3172 11169747 3147
3173 11172894 8632
3174 11181526 3011
3175 11184537 1539
3176 11186076 3194
3177 11189270 1191
3178 11190461 2732
3179 11193193 2403
3180 11195596 1379
3181 11196975 1062
3182 11198037 3105
3183 11201142 1497
3184 11202639 8386
3185 11211025 1496
3186 11212521 2089
3187 11214610 1135
3188 11215745 1699
3189 11217444 1804
3190 11219248 947
3191 11220195 9821
3192 11230016 3992
3193 11234008 9362
3194 11243370 4316
3195 11247686 3296
3196 11250982 14931
3197 11265913 4795
3198 11270708 2644
3199 11273352 2565
3200 11275917 695
3201 11276612 1888
3202 11278500 10860
3203 11289360 25189
3204 11314549 951
3205 11315500 3623
3206 11319123 4000
3207 11323123 1444
3208 11324567 1089
3209 11325656 8735
3210 11334391 1350
3211 11335741 1151
3212 11336892 11175
3213 11348067 1437
3214 11349504 18808
3215 11368312 10130
3216 11378442 2974
3217 11381416 4108
3218 11385524 1437
3219 11386961 4688
3220 11391649 6156
3221 11397805 1705
3222 11399510 1203
3223 11400713 2553
3224 11403266 9772
3225 11413038 3450
3226 11416488 2080
3227 11418568 791
3228 11419359 1636
3229 11420995 2870
3230 11423865 3924
3231 11427789 7110
3232 11434899 1411
3233 11436310 3305
3234 11439615 1261
3235 11440876 1335
3236 11442211 1125
3237 11443336 5708
3238 11449044 958
3239 11450002 4686
3240 11454688 569
3241 11455257 9371
3242 11464628 3713
3243 11468341 1661
3244 11470002 1412
3245 11471414 6697
3246 11478111 4351
3247 11482462 1305
3248 11483767 2998
3249 11486765 2758
3250 11489523 1800
3251 11491323 4972
3252 11496295 13414
3253 11509709 1548
3254 11511257 5242
3255 11516499 3688
3256 11520187 1445
3257 11521632 1154
3258 11522786 4081
3259 11526867 7672
3260 11534539 1720
3261 11536259 1538
3262 11537797 1473
3263 11539270 2451
3264 11541721 2391
3265 11544112 1827
3266 11545939 1837
3267 11547776 1221
3268 11548997 1709
3269 11550706 1073
3270 11551779 7732
3271 11559511 9289
3272 11568800 1557
3273 11570357 1149
3274 11571506 4831
3275 11576337 2516
3276 11578853 1231
3277 11580084 6821
3278 11586905 1906
3279 11588811 8770
3280 11597581 2330
3281 11599911 6787
3282 11606698 4134
3283 11610832 1464
3284 11612296 8600
3285 11620896 7322
3286 11628218 10007
3287 11638225 3928
3288 11642153 2296
3289 11644449 3476
3290 11647925 4746
3291 11652671 1844
3292 11654515 4487
3293 11659002 2360
3294 11661362 3733
3295 11665095 3484
3296 11668579 7659
3297 11676238 656
3298 11676894 758
3299 11677652 11359
3300 11689011 4573
3301 11693584 3756
3302 11697340 9193
3303 11706533 3438
3304 11709971 2256
3305 11712227 2206
3306 11714433 7213
3307 11721646 6614
3308 11728260 3982
3309 11732242 15544
3310 11747786 7006
3311 11754792 1882
3312 11756674 2151
3313 11758825 2968
3314 11761793 2760
3315 11764553 2370
3316 11766923 1619
3317 11768542 771
3318 11769313 1438
3319 11770751 852
3320 11771603 886
3321 11772489 4018
3322 11776507 4216
3323 11780723 3093
3324 11783816 4195
3325 11788011 7638
3326 11795649 5468
3327 11801117 1439
3328 11802556 5971
3329 11808527 1203
3330 11809730 959
3331 11810689 1889
3332 11812578 2450
3333 11815028 5527
3334 11820555 8165
3335 11828720 2535
3336 11831255 1062
3337 11832317 1022
3338 11833339 1989
3339 11835328 2414
3340 11837742 7368
3341 11845110 1919
3342 11847029 4799
3343 11851828 2487
3344 11854315 3702
3345 11858017 8106
3346 11866123 2479
3347 11868602 3401
3348 11872003 5162
3349 11877165 2669
3350 11879834 3118
3351 11882952 2023
3352 11884975 1305
3353 11886280 5116
3354 11891396 1665
3355 11893061 1094
3356 11894155 1807
3357 11895962 1831
3358 11897793 4640
3359 11902433 1820
3360 11904253 2797
3361 11907050 9448
3362 11916498 1908
3363 11918406 2862
3364 11921268 9991
3365 11931259 3906
3366 11935165 6883
3367 11942048 3545
3368 11945593 3200
3369 11948793 1881
3370 11950674 2348
3371 11953022 1794
3372 11954816 1110
3373 11955926 2564
3374 11958490 1744
3375 11960234 1846
3376 11962080 17039
3377 11979119 7486
3378 11986605 3435
3379 11990040 1764
3380 11991804 1597
3381 11993401 8448
3382 12001849 2023
3383 12003872 2261
3384 12006133 1815
3385 12007948 1908
3386 12009856 2224
3387 12012080 1188
3388 12013268 8572
3389 12021840 1572
3390 12023412 1321
3391 12024733 11232
3392 12035965 14736
3393 12050701 11739
3394 12062440 19031
3395 12081471 11035
3396 12092506 11200
3397 12103706 10163
3398 12113869 14221
3399 12128090 20925
3400 12149015 14472
3401 12163487 5933
3402 12169420 707
3403 12170127 1076
3404 12171203 3333
3405 12174536 7682
3406 12182218 754
3407 12182972 1858
3408 12184830 3567
3409 12188397 2404
3410 12190801 10524
3411 12201325 8673
3412 12209998 8587
3413 12218585 4712
3414 12223297 2913
3415 12226210 4278
3416 12230488 5408
3417 12235896 7894
3418 12243790 3602
3419 12247392 3135
3420 12250527 923
3421 12251450 1296
3422 12252746 2105
3423 12254851 7981
3424 12262832 1620
3425 12264452 13756
3426 12278208 7663
3427 12285871 25827
3428 12311698 4037
3429 12315735 5164
3430 12320899 10483
3431 12331382 4688
3432 12336070 6517
3433 12342587 10541
3434 12353128 6288
3435 12359416 6868
3436 12366284 5410
3437 12371694 1952
3438 12373646 4040
3439 12377686 4933
3440 12382619 4175
3441 12386794 12181
3442 12398975 6426
3443 12405401 4723
3444 12410124 3930
3445 12414054 4070
3446 12418124 3865
3447 12421989 3355
3448 12425344 13685
3449 12439029 12866
3450 12451895 2884
3451 12454779 5902
3452 12460681 4831
3453 12465512 1448
3454 12466960 5132
3455 12472092 4953
3456 12477045 2112
3457 12479157 14434
3458 12493591 6730
3459 12500321 9861
3460 12510182 8600
3461 12518782 11792
3462 12530574 384
3463 12530958 9790
3464 12540748 9416
3465 12550164 2539
3466 12552703 8961
3467 12561664 4123
3468 12565787 6382
3469 12572169 11299
3470 12583468 2570
3471 12586038 14243
3472 12600281 5174
3473 12605455 1556
3474 12607011 3111
3475 12610122 1414
3476 12611536 7163
3477 12618699 1330
3478 12620029 2121
3479 12622150 2870
3480 12625020 3437
3481 12628457 2232
3482 12630689 3201
3483 12633890 2822
3484 12636712 5276
3485 12641988 1949
3486 12643937 2604
3487 12646541 4809
3488 12651350 4796
3489 12656146 4521
3490 12660667 3296
3491 12663963 8628
3492 12672591 6905
3493 12679496 4056
3494 12683552 3813
3495 12687365 2400
3496 12689765 3529
3497 12693294 2209
3498 12695503 2074
3499 12697577 10608
3500 12708185 6104
3501 12714289 7951
3502 12722240 5768
3503 12728008 4979
3504 12732987 8847
3505 12741834 12331
3506 12754165 6469
3507 12760634 1521
3508 12762155 1953
3509 12764108 1342
3510 12765450 5622
3511 12771072 3062
3512 12774134 745
3513 12774879 4335
3514 12779214 890
3515 12780104 3265
3516 12783369 808
3517 12784177 1002
3518 12785179 4366
3519 12789545 3794
3520 12793339 1357
3521 12794696 1910
3522 12796606 1230
3523 12797836 1718
3524 12799554 960
3525 12800514 2994
3526 12803508 4870
3527 12808378 5256
3528 12813634 1648
3529 12815282 2785
3530 12818067 1293
3531 12819360 2655
3532 12822015 929
3533 12822944 1345
3534 12824289 1674
3535 12825963 590
3536 12826553 4230
3537 12830783 1484
3538 12832267 4847
3539 12837114 2651
3540 12839765 2218
3541 12841983 2679
3542 12844662 2595
3543 12847257 3815
3544 12851072 2145
3545 12853217 1245
3546 12854462 2642
3547 12857104 2061
3548 12859165 2783
3549 12861948 4869
3550 12866817 16133
3551 12882950 6956
3552 12889906 14108
3553 12904014 9184
3554 12913198 3739
3555 12916937 4729
3556 12921666 3673
3557 12925339 5705
3558 12931044 1724
3559 12932768 4037
3560 12936805 1925
3561 12938730 9848
3562 12948578 2747
3563 12951325 4774
3564 12956099 8396
3565 12964495 2119
3566 12966614 4452
3567 12971066 4346
3568 12975412 1119
3569 12976531 2247
3570 12978778 1037
3571 12979815 1330
3572 12981145 3059
3573 12984204 4986
3574 12989190 10133
3575 12999323 2250
3576 13001573 3732
3577 13005305 2326
3578 13007631 2683
3579 13010314 31459
3580 13041773 1926
3581 13043699 1806
3582 13045505 6287
3583 13051792 6110
3584 13057902 2678
3585 13060580 4266
3586 13064846 4910
3587 13069756 3833
3588 13073589 3731
3589 13077320 15588
3590 13092908 4210
3591 13097118 3663
3592 13100781 10473
3593 13111254 1748
3594 13113002 1569
3595 13114571 5951
3596 13120522 11222
3597 13131744 5479
3598 13137223 3922
3599 13141145 2231
3600 13143376 1395
3601 13144771 746
3602 13145517 1566
3603 13147083 4736
3604 13151819 2771
3605 13154590 2021
3606 13156611 8963
3607 13165574 6880
3608 13172454 5244
3609 13177698 2042
3610 13179740 6544
3611 13186284 3004
3612 13189288 2974
3613 13192262 7631
3614 13199893 1732
3615 13201625 3362
3616 13204987 3498
3617 13208485 1734
3618 13210219 7735
3619 13217954 3467
3620 13221421 3361
3621 13224782 2305
3622 13227087 5627
3623 13232714 8272
3624 13240986 3243
3625 13244229 752
3626 13244981 3692
3627 13248673 5261
3628 13253934 7152
3629 13261086 1003
3630 13262089 2487
3631 13264576 4438
3632 13269014 3683
3633 13272697 2975
3634 13275672 5890
3635 13281562 5620
3636 13287182 7475
3637 13294657 3975
3638 13298632 1383
3639 13300015 7611
3640 13307626 3329
3641 13310955 4418
3642 13315373 4983
3643 13320356 2381
3644 13322737 6268
3645 13329005 2315
3646 13331320 1831
3647 13333151 15947
3648 13349098 10214
3649 13359312 5968
3650 13365280 1624
3651 13366904 5834
3652 13372738 1574
3653 13374312 4771
3654 13379083 4696
3655 13383779 9804
3656 13393583 1912
3657 13395495 3513
3658 13399008 16968
3659 13415976 10005
3660 13425981 4033
3661 13430014 8017
3662 13438031 14582
3663 13452613 3833
3664 13456446 15114
3665 13471560 5750
3666 13477310 8974
3667 13486284 10165
3668 13496449 6091
3669 13502540 6898
3670 13509438 5048
3671 13514486 2572
3672 13517058 1339
3673 13518397 1870
3674 13520267 2418
3675 13522685 1618
3676 13524303 2029
3677 13526332 2267
3678 13528599 3061
3679 13531660 9094
3680 13540754 22952
3681 13563706 4626
3682 13568332 5150
3683 13573482 3763
3684 13577245 3686
3685 13580931 13964
3686 13594895 4412
3687 13599307 1471
3688 13600778 1853
3689 13602631 1202
3690 13603833 2451
3691 13606284 5431
3692 13611715 1769
3693 13613484 9705
3694 13623189 10189
3695 13633378 3552
3696 13636930 4975
3697 13641905 3302
3698 13645207 5628
3699 13650835 11090
3700 13661925 6293
3701 13668218 8450
3702 13676668 5064
3703 13681732 12084
3704 13693816 2488
3705 13696304 3285
3706 13699589 3376
3707 13702965 17566
3708 13720531 3225
3709 13723756 11677
3710 13735433 5882
3711 13741315 7949
3712 13749264 4694
3713 13753958 4194
3714 13758152 3605
3715 13761757 8787
3716 13770544 5137
3717 13775681 4139
3718 13779820 4194
3719 13784014 9556
3720 13793570 6466
3721 13800036 14087
3722 13814123 4013
3723 13818136 8151
3724 13826287 9942
3725 13836229 11153
3726 13847382 4979
3727 13852361 5730
3728 13858091 8116
3729 13866207 1287
3730 13867494 1261
3731 13868755 2148
3732 13870903 5878
3733 13876781 5996
3734 13882777 3031
3735 13885808 2193
3736 13888001 2349
3737 13890350 1762
