A 0 1 2 3 13 
B 4 5 6 7 8 9 10 11 12 83 
C 13 14 15 16 17 18 19 45 
D 1 20 21 
E 1 14 20 22 25 45 49 
F 23 39 
G 24 
H 2 25 26 45 49 
I 27 28 29 30 31 32 33 46 55 56 57 60 61 
K 45 
L 20 25 34 35 45 
M 25 36 37 
N 1 13 14 38 
O 13 14 20 25 39 40 45 
P 41 42 43 
R 1 2 44 45 46 
S 1 14 25 45 46 47 48 
T 1 2 14 49 50 51 52 53 
U 1 2 
V 1 30 54 55 56 57 58 
X 31 59 60 61 
Y 4 20 62 
a 5 6 11 15 16 26 34 36 40 42 47 58 63 64 65 66 67 68 69 70 74 75 76 81 82 90 92 94 98 99 100 101 110 118 
b 12 15 24 38 52 64 71 72 73 111 
c 5 8 12 15 33 43 47 48 74 75 76 77 78 79 113 119 
d 3 6 26 32 33 44 47 48 53 67 80 81 82 84 86 90 95 110 111 117 125 130 
e 3 5 7 8 9 10 11 12 15 16 17 19 22 23 24 26 32 33 34 37 38 40 42 43 44 48 50 53 58 69 71 72 75 77 83 84 85 89 90 95 99 100 105 107 108 110 111 112 113 116 119 120 121 125 126 127 131 
f 72 85 86 87 88 94 103 119 
g 18 22 24 34 40 75 76 78 82 89 99 111 114 122 126 
h 5 8 11 18 50 51 52 75 76 77 78 90 91 105 114 117 121 122 123 127 128 129 
i 11 18 22 23 32 35 41 51 53 76 78 81 82 84 85 86 87 92 93 94 95 96 97 108 109 111 113 114 119 122 123 126 128 129 131 
j 43 
k 48 77 83 100 
l 5 9 10 15 33 38 42 47 48 58 65 66 82 85 95 98 99 117 118 130 
m 11 12 52 73 92 94 100 101 108 112 118 
n 3 6 15 19 22 24 32 33 36 40 47 67 68 74 75 76 79 81 82 86 92 93 94 95 102 108 109 111 113 116 122 126 127 131 
o 5 11 12 17 18 19 21 38 43 62 64 66 72 73 78 79 80 81 82 83 88 91 92 94 95 102 103 104 105 106 107 108 112 113 117 124 129 130 132 
p 17 18 35 41 48 78 92 108 109 119 
r 3 5 9 15 17 18 19 22 24 37 40 43 69 72 78 79 87 88 90 92 94 104 105 107 108 109 110 111 112 113 114 120 130 131 132 
s 8 12 16 37 41 42 51 53 66 87 96 98 108 111 113 114 115 116 117 118 119 120 123 125 
t 3 18 19 24 32 37 43 53 64 70 73 78 79 81 84 87 89 92 94 97 102 105 106 109 111 113 114 121 122 123 124 128 129 131 
u 3 10 15 24 33 34 52 62 64 79 106 111 117 120 125 129 132 
v 3 23 95 107 112 126 
w 53 82 91 98 126 127 128 129 130 131 
y 9 18 32 37 58 68 78 79 101 132 
